 0.00000000e+00  1.00000100e+00 
 1.30000000e-09  1.00000100e+00 
 2.60000000e-09  1.00000100e+00 
 5.20000000e-09  1.00000100e+00 
 1.04000000e-08  1.00000100e+00 
 2.08000000e-08  1.00000100e+00 
 4.16000000e-08  1.00000100e+00 
 8.32000000e-08  1.00000100e+00 
 1.66400000e-07  1.00000100e+00 
 3.32800000e-07  1.00000100e+00 
 5.92800000e-07  1.00000100e+00 
 8.52800000e-07  1.00000100e+00 
 1.11280000e-06  1.00000100e+00 
 1.37280000e-06  1.00000100e+00 
 1.63280000e-06  1.00000100e+00 
 1.89280000e-06  1.00000100e+00 
 2.15280000e-06  1.00000100e+00 
 2.41280000e-06  1.00000100e+00 
 2.67280000e-06  1.00000100e+00 
 2.93280000e-06  1.00000100e+00 
 3.19280000e-06  1.00000100e+00 
 3.45280000e-06  1.00000100e+00 
 3.71280000e-06  1.00000100e+00 
 3.97280000e-06  1.00000100e+00 
 4.23280000e-06  1.00000100e+00 
 4.49280000e-06  1.00000100e+00 
 4.75280000e-06  1.00000100e+00 
 5.01280000e-06  1.00000100e+00 
 5.27280000e-06  1.00000100e+00 
 5.53280000e-06  1.00000100e+00 
 5.79280000e-06  1.00000100e+00 
 6.05280000e-06  1.00000100e+00 
 6.31280000e-06  1.00000100e+00 
 6.57280000e-06  1.00000100e+00 
 6.83280000e-06  1.00000100e+00 
 7.09280000e-06  1.00000100e+00 
 7.35280000e-06  1.00000100e+00 
 7.61280000e-06  1.00000100e+00 
 7.87280000e-06  1.00000100e+00 
 8.13280000e-06  1.00000100e+00 
 8.39280000e-06  1.00000100e+00 
 8.65280000e-06  1.00000100e+00 
 8.91280000e-06  1.00000100e+00 
 9.17280000e-06  1.00000100e+00 
 9.43280000e-06  1.00000100e+00 
 9.69280000e-06  1.00000100e+00 
 9.95280000e-06  1.00000100e+00 
 1.02128000e-05  1.00000100e+00 
 1.04728000e-05  1.00000100e+00 
 1.07328000e-05  1.00000100e+00 
 1.09928000e-05  1.00000100e+00 
 1.12528000e-05  1.00000100e+00 
 1.15128000e-05  1.00000100e+00 
 1.17728000e-05  1.00000100e+00 
 1.20328000e-05  1.00000100e+00 
 1.22928000e-05  1.00000100e+00 
 1.25528000e-05  1.00000100e+00 
 1.28000000e-05  1.00000100e+00 
 1.28200000e-05  1.00000100e+00 
 1.28600000e-05  1.00000100e+00 
 1.29400000e-05  1.00000100e+00 
 1.30000000e-05  1.00000100e+00 
